R0301|10001501|510050C1906A02350  |50ETF购6月2303A     |510050|50ETF   |EBS|E|C|      10202|     2.3030|20181025|20190626|20190626|20190627|20190626|0|         648|     0.5149|     0.5149|     2.8100|N|     0.7959|     0.2339|         8693.12| 12.00|  7.00|           1|           1|          30|           1|          10|     0.0001|0000E   |        
R0301|10001502|510050C1906A02400  |50ETF购6月2352A     |510050|50ETF   |EBS|E|C|      10202|     2.3520|20181025|20190626|20190626|20190627|20190626|0|         675|     0.4579|     0.4585|     2.8100|N|     0.7395|     0.1775|         8117.73| 12.00|  7.00|           1|           1|          30|           1|          10|     0.0001|0000E   |        
R0301|10001503|510050C1906A02450  |50ETF购6月2401A     |510050|50ETF   |EBS|E|C|      10202|     2.4010|20181025|20190626|20190626|20190627|20190626|0|         645|     0.4073|     0.4102|     2.8100|N|     0.6912|     0.1292|         7624.97| 12.00|  7.00|           1|           1|          30|           1|          10|     0.0001|0000E   |        
R0301|10001504|510050C1906A02500  |50ETF购6月2450A     |510050|50ETF   |EBS|E|C|      10202|     2.4500|20181025|20190626|20190626|20190627|20190626|0|         741|     0.3603|     0.3612|     2.8100|N|     0.6422|     0.0802|         7125.08| 12.00|  7.00|           1|           1|          30|           1|          10|     0.0001|0000E   |        
R0301|10001505|510050C1906A02550  |50ETF购6月2500A     |510050|50ETF   |EBS|E|C|      10202|     2.5000|20181025|20190626|20190626|20190627|20190626|0|        1287|     0.3120|     0.3109|     2.8100|N|     0.5919|     0.0299|         6611.92| 12.00|  7.00|           1|           1|          30|           1|          10|     0.0001|0000E   |        
R0301|10001506|510050C1906A02600  |50ETF购6月2549A     |510050|50ETF   |EBS|E|C|      10202|     2.5490|20181025|20190626|20190626|20190627|20190626|0|         859|     0.2611|     0.2624|     2.8100|N|     0.5434|     0.0001|         6117.12| 12.00|  7.00|           1|           1|          30|           1|          10|     0.0001|0000E   |        
R0301|10001507|510050C1906A02650  |50ETF购6月2598A     |510050|50ETF   |EBS|E|C|      10202|     2.5980|20181025|20190626|20190626|20190627|20190626|0|        1154|     0.2125|     0.2129|     2.8100|N|     0.4939|     0.0001|         5612.12| 12.00|  7.00|           1|           1|          30|           1|          10|     0.0001|0000E   |        
R0301|10001508|510050C1906A02700  |50ETF购6月2647A     |510050|50ETF   |EBS|E|C|      10202|     2.6470|20181025|20190626|20190626|20190627|20190626|0|        1609|     0.1650|     0.1650|     2.8100|N|     0.4460|     0.0001|         5123.44| 12.00|  7.00|           1|           1|          30|           1|          10|     0.0001|0000E   |        
R0301|10001509|510050C1906A02750  |50ETF购6月2696A     |510050|50ETF   |EBS|E|C|      10202|     2.6960|20181025|20190626|20190626|20190627|20190626|0|        2846|     0.1175|     0.1175|     2.8100|N|     0.3985|     0.0001|         4638.85| 12.00|  7.00|           1|           1|          30|           1|          10|     0.0001|0000E   |        
R0301|10001510|510050P1906A02350  |50ETF沽6月2303A     |510050|50ETF   |EBS|E|P|      10202|     2.3030|20181025|20190626|20190626|20190627|20190626|0|        5582|     0.0003|     0.0004|     2.8100|N|     0.1800|     0.0001|         1648.75| 12.00|  7.00|           1|           1|          30|           1|          10|     0.0001|0000E   |        
R0301|10001511|510050P1906A02400  |50ETF沽6月2352A     |510050|50ETF   |EBS|E|P|      10202|     2.3520|20181025|20190626|20190626|20190627|20190626|0|        4448|     0.0005|     0.0004|     2.8100|N|     0.1898|     0.0001|         1683.74| 12.00|  7.00|           1|           1|          30|           1|          10|     0.0001|0000E   |        
R0301|10001512|510050P1906A02450  |50ETF沽6月2401A     |510050|50ETF   |EBS|E|P|      10202|     2.4010|20181025|20190626|20190626|20190627|20190626|0|        4498|     0.0004|     0.0004|     2.8100|N|     0.1996|     0.0001|         1718.73| 12.00|  7.00|           1|           1|          30|           1|          10|     0.0001|0000E   |        
R0301|10001513|510050P1906A02500  |50ETF沽6月2450A     |510050|50ETF   |EBS|E|P|      10202|     2.4500|20181025|20190626|20190626|20190627|20190626|0|        8505|     0.0005|     0.0005|     2.8100|N|     0.2095|     0.0001|         1754.74| 12.00|  7.00|           1|           1|          30|           1|          10|     0.0001|0000E   |        
R0301|10001514|510050P1906A02550  |50ETF沽6月2500A     |510050|50ETF   |EBS|E|P|      10202|     2.5000|20181025|20190626|20190626|20190627|20190626|0|       11259|     0.0006|     0.0006|     2.8100|N|     0.2196|     0.0001|         1791.47| 12.00|  7.00|           1|           1|          30|           1|          10|     0.0001|0000E   |        
R0301|10001515|510050P1906A02600  |50ETF沽6月2549A     |510050|50ETF   |EBS|E|P|      10202|     2.5490|20181025|20190626|20190626|20190627|20190626|0|        6838|     0.0006|     0.0006|     2.8100|N|     0.2294|     0.0001|         1826.46| 12.00|  7.00|           1|           1|          30|           1|          10|     0.0001|0000E   |        
R0301|10001516|510050P1906A02650  |50ETF沽6月2598A     |510050|50ETF   |EBS|E|P|      10202|     2.5980|20181025|20190626|20190626|20190627|20190626|0|        4293|     0.0006|     0.0006|     2.8100|N|     0.2392|     0.0001|         1861.46| 12.00|  7.00|           1|           1|          30|           1|          10|     0.0001|0000E   |        
R0301|10001517|510050P1906A02700  |50ETF沽6月2647A     |510050|50ETF   |EBS|E|P|      10202|     2.6470|20181025|20190626|20190626|20190627|20190626|0|        7341|     0.0012|     0.0012|     2.8100|N|     0.2496|     0.0001|         1902.57| 12.00|  7.00|           1|           1|          30|           1|          10|     0.0001|0000E   |        
R0301|10001518|510050P1906A02750  |50ETF沽6月2696A     |510050|50ETF   |EBS|E|P|      10202|     2.6960|20181025|20190626|20190626|20190627|20190626|0|       10368|     0.0031|     0.0029|     2.8100|N|     0.2611|     0.0001|         2306.67| 12.00|  7.00|           1|           1|          30|           1|          10|     0.0001|0000E   |        
R0301|10001519|510050C1906A02300  |50ETF购6月2254A     |510050|50ETF   |EBS|E|C|      10202|     2.2540|20181029|20190626|20190626|20190627|20190626|0|         456|     0.5568|     0.5569|     2.8100|N|     0.8379|     0.2759|         9121.61| 12.00|  7.00|           1|           1|          30|           1|          10|     0.0001|0000E   |        
R0301|10001520|510050P1906A02300  |50ETF沽6月2254A     |510050|50ETF   |EBS|E|P|      10202|     2.2540|20181029|20190626|20190626|20190627|20190626|0|        4781|     0.0003|     0.0003|     2.8100|N|     0.1701|     0.0001|         1612.73| 12.00|  7.00|           1|           1|          30|           1|          10|     0.0001|0000E   |        
R0301|10001521|510050C1906A02250  |50ETF购6月2205A     |510050|50ETF   |EBS|E|C|      10202|     2.2050|20181030|20190626|20190626|20190627|20190626|0|         572|     0.6073|     0.6067|     2.8100|N|     0.8877|     0.3257|         9629.67| 12.00|  7.00|           1|           1|          30|           1|          10|     0.0001|0000E   |        
R0301|10001522|510050P1906A02250  |50ETF沽6月2205A     |510050|50ETF   |EBS|E|P|      10202|     2.2050|20181030|20190626|20190626|20190627|20190626|0|        6427|     0.0003|     0.0003|     2.8100|N|     0.1603|     0.0001|         1577.74| 12.00|  7.00|           1|           1|          30|           1|          10|     0.0001|0000E   |        
R0301|10001523|510050C1906A02800  |50ETF购6月2745A     |510050|50ETF   |EBS|E|C|      10202|     2.7450|20181105|20190626|20190626|20190627|20190626|0|        9113|     0.0748|     0.0748|     2.8100|N|     0.3558|     0.0001|         4203.22| 12.00|  7.00|           1|           1|          30|           1|          10|     0.0001|0000E   |        
R0301|10001524|510050P1906A02800  |50ETF沽6月2745A     |510050|50ETF   |EBS|E|P|      10202|     2.7450|20181105|20190626|20190626|20190627|20190626|0|       10459|     0.0086|     0.0086|     2.8100|N|     0.2766|     0.0001|         2864.72| 12.00|  7.00|           1|           1|          30|           1|          10|     0.0001|0000E   |        
R0301|10001597|510050C1906M02250  |50ETF购6月2250      |510050|50ETF   |EBS|E|C|      10000|     2.2500|20181203|20190626|20190626|20190627|20190626|1|         897|     0.5607|     0.5609|     2.8100|N|     0.8419|     0.2799|         8981.00| 12.00|  7.00|           1|           1|          30|           1|          10|     0.0001|0000E   |        
R0301|10001598|510050C1906M02300  |50ETF购6月2300      |510050|50ETF   |EBS|E|C|      10000|     2.3000|20181203|20190626|20190626|20190627|20190626|1|         954|     0.5111|     0.5149|     2.8100|N|     0.7959|     0.2339|         8521.00| 12.00|  7.00|           1|           1|          30|           1|          10|     0.0001|0000E   |        
R0301|10001599|510050C1906M02350  |50ETF购6月2350      |510050|50ETF   |EBS|E|C|      10000|     2.3500|20181203|20190626|20190626|20190627|20190626|1|        1263|     0.4613|     0.4613|     2.8100|N|     0.7423|     0.1803|         7985.00| 12.00|  7.00|           1|           1|          30|           1|          10|     0.0001|0000E   |        
R0301|10001600|510050C1906M02400  |50ETF购6月2400      |510050|50ETF   |EBS|E|C|      10000|     2.4000|20181203|20190626|20190626|20190627|20190626|1|        2023|     0.4104|     0.4109|     2.8100|N|     0.6919|     0.1299|         7481.00| 12.00|  7.00|           1|           1|          30|           1|          10|     0.0001|0000E   |        
R0301|10001601|510050C1906M02450  |50ETF购6月2450      |510050|50ETF   |EBS|E|C|      10000|     2.4500|20181203|20190626|20190626|20190627|20190626|1|        1547|     0.3611|     0.3612|     2.8100|N|     0.6422|     0.0802|         6984.00| 12.00|  7.00|           1|           1|          30|           1|          10|     0.0001|0000E   |        
R0301|10001602|510050C1906M02500  |50ETF购6月2500      |510050|50ETF   |EBS|E|C|      10000|     2.5000|20181203|20190626|20190626|20190627|20190626|1|        4418|     0.3110|     0.3109|     2.8100|N|     0.5919|     0.0299|         6481.00| 12.00|  7.00|           1|           1|          30|           1|          10|     0.0001|0000E   |        
R0301|10001603|510050C1906M02550  |50ETF购6月2550      |510050|50ETF   |EBS|E|C|      10000|     2.5500|20181203|20190626|20190626|20190627|20190626|1|        5335|     0.2608|     0.2611|     2.8100|N|     0.5421|     0.0001|         5983.00| 12.00|  7.00|           1|           1|          30|           1|          10|     0.0001|0000E   |        
R0301|10001604|510050C1906M02600  |50ETF购6月2600      |510050|50ETF   |EBS|E|C|      10000|     2.6000|20181203|20190626|20190626|20190627|20190626|1|       15374|     0.2120|     0.2120|     2.8100|N|     0.4930|     0.0001|         5492.00| 12.00|  7.00|           1|           1|          30|           1|          10|     0.0001|0000E   |        
R0301|10001605|510050C1906M02650  |50ETF购6月2650      |510050|50ETF   |EBS|E|C|      10000|     2.6500|20181203|20190626|20190626|20190627|20190626|1|       19421|     0.1626|     0.1626|     2.8100|N|     0.4436|     0.0001|         4998.00| 12.00|  7.00|           1|           1|          30|           1|          10|     0.0001|0000E   |        
R0301|10001606|510050P1906M02250  |50ETF沽6月2250      |510050|50ETF   |EBS|E|P|      10000|     2.2500|20181203|20190626|20190626|20190627|20190626|1|        9779|     0.0002|     0.0003|     2.8100|N|     0.1693|     0.0001|         1578.00| 12.00|  7.00|           1|           1|          30|           1|          10|     0.0001|0000E   |        
R0301|10001607|510050P1906M02300  |50ETF沽6月2300      |510050|50ETF   |EBS|E|P|      10000|     2.3000|20181203|20190626|20190626|20190627|20190626|1|       13779|     0.0003|     0.0003|     2.8100|N|     0.1793|     0.0001|         1613.00| 12.00|  7.00|           1|           1|          30|           1|          10|     0.0001|0000E   |        
R0301|10001608|510050P1906M02350  |50ETF沽6月2350      |510050|50ETF   |EBS|E|P|      10000|     2.3500|20181203|20190626|20190626|20190627|20190626|1|       12921|     0.0003|     0.0004|     2.8100|N|     0.1894|     0.0001|         1649.00| 12.00|  7.00|           1|           1|          30|           1|          10|     0.0001|0000E   |        
R0301|10001609|510050P1906M02400  |50ETF沽6月2400      |510050|50ETF   |EBS|E|P|      10000|     2.4000|20181203|20190626|20190626|20190627|20190626|1|       22821|     0.0004|     0.0004|     2.8100|N|     0.1994|     0.0001|         1684.00| 12.00|  7.00|           1|           1|          30|           1|          10|     0.0001|0000E   |        
R0301|10001610|510050P1906M02450  |50ETF沽6月2450      |510050|50ETF   |EBS|E|P|      10000|     2.4500|20181203|20190626|20190626|20190627|20190626|1|       32370|     0.0005|     0.0005|     2.8100|N|     0.2095|     0.0001|         1720.00| 12.00|  7.00|           1|           1|          30|           1|          10|     0.0001|0000E   |        
R0301|10001611|510050P1906M02500  |50ETF沽6月2500      |510050|50ETF   |EBS|E|P|      10000|     2.5000|20181203|20190626|20190626|20190627|20190626|1|       65457|     0.0006|     0.0006|     2.8100|N|     0.2196|     0.0001|         1756.00| 12.00|  7.00|           1|           1|          30|           1|          10|     0.0001|0000E   |        
R0301|10001612|510050P1906M02550  |50ETF沽6月2550      |510050|50ETF   |EBS|E|P|      10000|     2.5500|20181203|20190626|20190626|20190627|20190626|1|       66975|     0.0007|     0.0006|     2.8100|N|     0.2296|     0.0001|         1791.00| 12.00|  7.00|           1|           1|          30|           1|          10|     0.0001|0000E   |        
R0301|10001613|510050P1906M02600  |50ETF沽6月2600      |510050|50ETF   |EBS|E|P|      10000|     2.6000|20181203|20190626|20190626|20190627|20190626|1|      106047|     0.0009|     0.0009|     2.8100|N|     0.2399|     0.0001|         1829.00| 12.00|  7.00|           1|           1|          30|           1|          10|     0.0001|0000E   |        
R0301|10001614|510050P1906M02650  |50ETF沽6月2650      |510050|50ETF   |EBS|E|P|      10000|     2.6500|20181203|20190626|20190626|20190627|20190626|1|       92448|     0.0014|     0.0014|     2.8100|N|     0.2504|     0.0001|         1869.00| 12.00|  7.00|           1|           1|          30|           1|          10|     0.0001|0000E   |        
R0301|10001621|510050C1906M02700  |50ETF购6月2700      |510050|50ETF   |EBS|E|C|      10000|     2.7000|20181204|20190626|20190626|20190627|20190626|1|       69125|     0.1135|     0.1135|     2.8100|N|     0.3945|     0.0001|         4507.00| 12.00|  7.00|           1|           1|          30|           1|          10|     0.0001|0000E   |        
R0301|10001622|510050P1906M02700  |50ETF沽6月2700      |510050|50ETF   |EBS|E|P|      10000|     2.7000|20181204|20190626|20190626|20190627|20190626|1|      165099|     0.0029|     0.0029|     2.8100|N|     0.2619|     0.0001|         2301.00| 12.00|  7.00|           1|           1|          30|           1|          10|     0.0001|0000E   |        
R0301|10001629|510050C1906M02200  |50ETF购6月2200      |510050|50ETF   |EBS|E|C|      10000|     2.2000|20181211|20190626|20190626|20190627|20190626|1|         724|     0.6108|     0.6109|     2.8100|N|     0.8919|     0.3299|         9481.00| 12.00|  7.00|           1|           1|          30|           1|          10|     0.0001|0000E   |        
R0301|10001630|510050P1906M02200  |50ETF沽6月2200      |510050|50ETF   |EBS|E|P|      10000|     2.2000|20181211|20190626|20190626|20190627|20190626|1|       11365|     0.0003|     0.0003|     2.8100|N|     0.1593|     0.0001|         1543.00| 12.00|  7.00|           1|           1|          30|           1|          10|     0.0001|0000E   |        
R0301|10001637|510050C1906M02150  |50ETF购6月2150      |510050|50ETF   |EBS|E|C|      10000|     2.1500|20181220|20190626|20190626|20190627|20190626|1|         843|     0.6609|     0.6609|     2.8100|N|     0.9419|     0.3799|         9981.00| 12.00|  7.00|           1|           1|          30|           1|          10|     0.0001|0000E   |        
R0301|10001638|510050P1906M02150  |50ETF沽6月2150      |510050|50ETF   |EBS|E|P|      10000|     2.1500|20181220|20190626|20190626|20190627|20190626|1|       13339|     0.0002|     0.0002|     2.8100|N|     0.1492|     0.0001|         1507.00| 12.00|  7.00|           1|           1|          30|           1|          10|     0.0001|0000E   |        
R0301|10001645|510050C1906M02100  |50ETF购6月2100      |510050|50ETF   |EBS|E|C|      10000|     2.1000|20181224|20190626|20190626|20190627|20190626|1|        1576|     0.7115|     0.7108|     2.8100|N|     0.9918|     0.4298|        10480.00| 12.00|  7.00|           1|           1|          30|           1|          10|     0.0001|0000E   |        
R0301|10001646|510050P1906M02100  |50ETF沽6月2100      |510050|50ETF   |EBS|E|P|      10000|     2.1000|20181224|20190626|20190626|20190627|20190626|1|       35130|     0.0002|     0.0002|     2.8100|N|     0.1392|     0.0001|         1472.00| 12.00|  7.00|           1|           1|          30|           1|          10|     0.0001|0000E   |        
R0301|10001671|510050C1906M02050  |50ETF购6月2050      |510050|50ETF   |EBS|E|C|      10000|     2.0500|20190103|20190626|20190626|20190627|20190626|1|        2501|     0.7605|     0.7605|     2.8100|N|     1.0415|     0.4795|        10977.00| 12.00|  7.00|           1|           1|          30|           1|          10|     0.0001|0000E   |        
R0301|10001672|510050P1906M02050  |50ETF沽6月2050      |510050|50ETF   |EBS|E|P|      10000|     2.0500|20190103|20190626|20190626|20190627|20190626|1|       51331|     0.0003|     0.0002|     2.8100|N|     0.1292|     0.0001|         1437.00| 12.00|  7.00|           1|           1|          30|           1|          10|     0.0001|0000E   |        
R0301|10001677|510050C1909M02200  |50ETF购9月2200      |510050|50ETF   |EBS|E|C|      10000|     2.2000|20190124|20190925|20190925|20190926|20190925|0|        6293|     0.6233|     0.6233|     2.8100|N|     0.9043|     0.3423|         9605.00| 12.00|  7.00|           1|           1|          30|           1|          10|     0.0001|0000E   |        
R0301|10001678|510050C1909M02250  |50ETF购9月2250      |510050|50ETF   |EBS|E|C|      10000|     2.2500|20190124|20190925|20190925|20190926|20190925|0|        1328|     0.5730|     0.5730|     2.8100|N|     0.8540|     0.2920|         9102.00| 12.00|  7.00|           1|           1|          30|           1|          10|     0.0001|0000E   |        
R0301|10001679|510050C1909M02300  |50ETF购9月2300      |510050|50ETF   |EBS|E|C|      10000|     2.3000|20190124|20190925|20190925|20190926|20190925|0|        1037|     0.5262|     0.5253|     2.8100|N|     0.8063|     0.2443|         8625.00| 12.00|  7.00|           1|           1|          30|           1|          10|     0.0001|0000E   |        
R0301|10001680|510050C1909M02350  |50ETF购9月2350      |510050|50ETF   |EBS|E|C|      10000|     2.3500|20190124|20190925|20190925|20190926|20190925|0|         991|     0.4793|     0.4776|     2.8100|N|     0.7586|     0.1966|         8148.00| 12.00|  7.00|           1|           1|          30|           1|          10|     0.0001|0000E   |        
R0301|10001681|510050C1909M02400  |50ETF购9月2400      |510050|50ETF   |EBS|E|C|      10000|     2.4000|20190124|20190925|20190925|20190926|20190925|0|        3388|     0.4311|     0.4311|     2.8100|N|     0.7121|     0.1501|         7683.00| 12.00|  7.00|           1|           1|          30|           1|          10|     0.0001|0000E   |        
R0301|10001682|510050C1909M02450  |50ETF购9月2450      |510050|50ETF   |EBS|E|C|      10000|     2.4500|20190124|20190925|20190925|20190926|20190925|0|        5203|     0.3837|     0.3855|     2.8100|N|     0.6665|     0.1045|         7227.00| 12.00|  7.00|           1|           1|          30|           1|          10|     0.0001|0000E   |        
R0301|10001683|510050C1909M02500  |50ETF购9月2500      |510050|50ETF   |EBS|E|C|      10000|     2.5000|20190124|20190925|20190925|20190926|20190925|0|        9846|     0.3401|     0.3417|     2.8100|N|     0.6227|     0.0607|         6789.00| 12.00|  7.00|           1|           1|          30|           1|          10|     0.0001|0000E   |        
R0301|10001684|510050C1909M02550  |50ETF购9月2550      |510050|50ETF   |EBS|E|C|      10000|     2.5500|20190124|20190925|20190925|20190926|20190925|0|        5028|     0.3013|     0.3007|     2.8100|N|     0.5817|     0.0197|         6379.00| 12.00|  7.00|           1|           1|          30|           1|          10|     0.0001|0000E   |        
R0301|10001685|510050C1909M02600  |50ETF购9月2600      |510050|50ETF   |EBS|E|C|      10000|     2.6000|20190124|20190925|20190925|20190926|20190925|0|        3329|     0.2628|     0.2628|     2.8100|N|     0.5438|     0.0001|         6000.00| 12.00|  7.00|           1|           1|          30|           1|          10|     0.0001|0000E   |        
R0301|10001686|510050P1909M02200  |50ETF沽9月2200      |510050|50ETF   |EBS|E|P|      10000|     2.2000|20190124|20190925|20190925|20190926|20190925|0|       27112|     0.0029|     0.0029|     2.8100|N|     0.1619|     0.0001|         1569.00| 12.00|  7.00|           1|           1|          30|           1|          10|     0.0001|0000E   |        
R0301|10001687|510050P1909M02250  |50ETF沽9月2250      |510050|50ETF   |EBS|E|P|      10000|     2.2500|20190124|20190925|20190925|20190926|20190925|0|       13680|     0.0033|     0.0033|     2.8100|N|     0.1723|     0.0001|         1608.00| 12.00|  7.00|           1|           1|          30|           1|          10|     0.0001|0000E   |        
R0301|10001688|510050P1909M02300  |50ETF沽9月2300      |510050|50ETF   |EBS|E|P|      10000|     2.3000|20190124|20190925|20190925|20190926|20190925|0|        9239|     0.0047|     0.0047|     2.8100|N|     0.1837|     0.0001|         1657.00| 12.00|  7.00|           1|           1|          30|           1|          10|     0.0001|0000E   |        
R0301|10001689|510050P1909M02350  |50ETF沽9月2350      |510050|50ETF   |EBS|E|P|      10000|     2.3500|20190124|20190925|20190925|20190926|20190925|0|        9892|     0.0066|     0.0067|     2.8100|N|     0.1957|     0.0001|         1712.00| 12.00|  7.00|           1|           1|          30|           1|          10|     0.0001|0000E   |        
R0301|10001690|510050P1909M02400  |50ETF沽9月2400      |510050|50ETF   |EBS|E|P|      10000|     2.4000|20190124|20190925|20190925|20190926|20190925|0|       19556|     0.0095|     0.0095|     2.8100|N|     0.2085|     0.0001|         1775.00| 12.00|  7.00|           1|           1|          30|           1|          10|     0.0001|0000E   |        
R0301|10001691|510050P1909M02450  |50ETF沽9月2450      |510050|50ETF   |EBS|E|P|      10000|     2.4500|20190124|20190925|20190925|20190926|20190925|0|       16549|     0.0142|     0.0142|     2.8100|N|     0.2232|     0.0001|         1857.00| 12.00|  7.00|           1|           1|          30|           1|          10|     0.0001|0000E   |        
R0301|10001692|510050P1909M02500  |50ETF沽9月2500      |510050|50ETF   |EBS|E|P|      10000|     2.5000|20190124|20190925|20190925|20190926|20190925|0|       16751|     0.0198|     0.0198|     2.8100|N|     0.2388|     0.0001|         1948.00| 12.00|  7.00|           1|           1|          30|           1|          10|     0.0001|0000E   |        
R0301|10001693|510050P1909M02550  |50ETF沽9月2550      |510050|50ETF   |EBS|E|P|      10000|     2.5500|20190124|20190925|20190925|20190926|20190925|0|       10567|     0.0283|     0.0283|     2.8100|N|     0.2573|     0.0001|         2068.00| 12.00|  7.00|           1|           1|          30|           1|          10|     0.0001|0000E   |        
R0301|10001694|510050P1909M02600  |50ETF沽9月2600      |510050|50ETF   |EBS|E|P|      10000|     2.6000|20190124|20190925|20190925|20190926|20190925|0|       13908|     0.0388|     0.0388|     2.8100|N|     0.2778|     0.0001|         2208.00| 12.00|  7.00|           1|           1|          30|           1|          10|     0.0001|0000E   |        
R0301|10001697|510050C1909M02650  |50ETF购9月2650      |510050|50ETF   |EBS|E|C|      10000|     2.6500|20190128|20190925|20190925|20190926|20190925|0|        2868|     0.2264|     0.2264|     2.8100|N|     0.5074|     0.0001|         5636.00| 12.00|  7.00|           1|           1|          30|           1|          10|     0.0001|0000E   |        
R0301|10001698|510050P1909M02650  |50ETF沽9月2650      |510050|50ETF   |EBS|E|P|      10000|     2.6500|20190128|20190925|20190925|20190926|20190925|0|       10884|     0.0526|     0.0526|     2.8100|N|     0.3016|     0.0001|         2381.00| 12.00|  7.00|           1|           1|          30|           1|          10|     0.0001|0000E   |        
R0301|10001701|510050C1909M02700  |50ETF购9月2700      |510050|50ETF   |EBS|E|C|      10000|     2.7000|20190211|20190925|20190925|20190926|20190925|0|        7922|     0.1937|     0.1937|     2.8100|N|     0.4747|     0.0001|         5309.00| 12.00|  7.00|           1|           1|          30|           1|          10|     0.0001|0000E   |        
R0301|10001702|510050P1909M02700  |50ETF沽9月2700      |510050|50ETF   |EBS|E|P|      10000|     2.7000|20190211|20190925|20190925|20190926|20190925|0|        9499|     0.0693|     0.0693|     2.8100|N|     0.3283|     0.0001|         2965.00| 12.00|  7.00|           1|           1|          30|           1|          10|     0.0001|0000E   |        
R0301|10001707|510050C1906M02750  |50ETF购6月2750      |510050|50ETF   |EBS|E|C|      10000|     2.7500|20190214|20190626|20190626|20190627|20190626|1|      121335|     0.0706|     0.0706|     2.8100|N|     0.3516|     0.0001|         4078.00| 12.00|  7.00|           1|           1|          30|           1|          10|     0.0001|0000E   |        
R0301|10001708|510050P1906M02750  |50ETF沽6月2750      |510050|50ETF   |EBS|E|P|      10000|     2.7500|20190214|20190626|20190626|20190627|20190626|1|      140604|     0.0096|     0.0096|     2.8100|N|     0.2786|     0.0001|         2868.00| 12.00|  7.00|           1|           1|          30|           1|          10|     0.0001|0000E   |        
R0301|10001709|510050C1909M02750  |50ETF购9月2750      |510050|50ETF   |EBS|E|C|      10000|     2.7500|20190214|20190925|20190925|20190926|20190925|0|        9215|     0.1628|     0.1637|     2.8100|N|     0.4447|     0.0001|         5009.00| 12.00|  7.00|           1|           1|          30|           1|          10|     0.0001|0000E   |        
R0301|10001710|510050P1909M02750  |50ETF沽9月2750      |510050|50ETF   |EBS|E|P|      10000|     2.7500|20190214|20190925|20190925|20190926|20190925|0|        8318|     0.0895|     0.0895|     2.8100|N|     0.3585|     0.0001|         3667.00| 12.00|  7.00|           1|           1|          30|           1|          10|     0.0001|0000E   |        
R0301|10001715|510050C1906M02800  |50ETF购6月2800      |510050|50ETF   |EBS|E|C|      10000|     2.8000|20190221|20190626|20190626|20190627|20190626|1|      216458|     0.0371|     0.0371|     2.8100|N|     0.3181|     0.0001|         3743.00| 12.00|  7.00|           1|           1|          30|           1|          10|     0.0001|0000E   |        
R0301|10001716|510050P1906M02800  |50ETF沽6月2800      |510050|50ETF   |EBS|E|P|      10000|     2.8000|20190221|20190626|20190626|20190627|20190626|1|      125912|     0.0255|     0.0255|     2.8100|N|     0.3045|     0.0001|         3527.00| 12.00|  7.00|           1|           1|          30|           1|          10|     0.0001|0000E   |        
R0301|10001717|510050C1909M02800  |50ETF购9月2800      |510050|50ETF   |EBS|E|C|      10000|     2.8000|20190221|20190925|20190925|20190926|20190925|0|       14323|     0.1372|     0.1372|     2.8100|N|     0.4182|     0.0001|         4744.00| 12.00|  7.00|           1|           1|          30|           1|          10|     0.0001|0000E   |        
R0301|10001718|510050P1909M02800  |50ETF沽9月2800      |510050|50ETF   |EBS|E|P|      10000|     2.8000|20190221|20190925|20190925|20190926|20190925|0|        8417|     0.1124|     0.1124|     2.8100|N|     0.3914|     0.0001|         4396.00| 12.00|  7.00|           1|           1|          30|           1|          10|     0.0001|0000E   |        
R0301|10001735|510050C1906M02850  |50ETF购6月2850      |510050|50ETF   |EBS|E|C|      10000|     2.8500|20190226|20190626|20190626|20190627|20190626|1|      194540|     0.0158|     0.0158|     2.8100|N|     0.2928|     0.0001|         3130.00| 12.00|  7.00|           1|           1|          30|           1|          10|     0.0001|0000E   |        
R0301|10001736|510050C1906M02900  |50ETF购6月2900      |510050|50ETF   |EBS|E|C|      10000|     2.9000|20190226|20190626|20190626|20190627|20190626|1|      165865|     0.0060|     0.0060|     2.8100|N|     0.2780|     0.0001|         2532.00| 12.00|  7.00|           1|           1|          30|           1|          10|     0.0001|0000E   |        
R0301|10001737|510050C1906M02950  |50ETF购6月2950      |510050|50ETF   |EBS|E|C|      10000|     2.9500|20190226|20190626|20190626|20190627|20190626|1|      134865|     0.0022|     0.0022|     2.8100|N|     0.2692|     0.0001|         1994.00| 12.00|  7.00|           1|           1|          30|           1|          10|     0.0001|0000E   |        
R0301|10001738|510050C1906M03000  |50ETF购6月3000      |510050|50ETF   |EBS|E|C|      10000|     3.0000|20190226|20190626|20190626|20190627|20190626|1|      134990|     0.0013|     0.0013|     2.8100|N|     0.2633|     0.0001|         1980.00| 12.00|  7.00|           1|           1|          30|           1|          10|     0.0001|0000E   |        
R0301|10001739|510050P1906M02850  |50ETF沽6月2850      |510050|50ETF   |EBS|E|P|      10000|     2.8500|20190226|20190626|20190626|20190627|20190626|1|       47040|     0.0530|     0.0530|     2.8100|N|     0.3340|     0.0001|         3902.00| 12.00|  7.00|           1|           1|          30|           1|          10|     0.0001|0000E   |        
R0301|10001740|510050P1906M02900  |50ETF沽6月2900      |510050|50ETF   |EBS|E|P|      10000|     2.9000|20190226|20190626|20190626|20190627|20190626|1|       24073|     0.0945|     0.0945|     2.8100|N|     0.3755|     0.0001|         4317.00| 12.00|  7.00|           1|           1|          30|           1|          10|     0.0001|0000E   |        
R0301|10001741|510050P1906M02950  |50ETF沽6月2950      |510050|50ETF   |EBS|E|P|      10000|     2.9500|20190226|20190626|20190626|20190627|20190626|1|        6469|     0.1415|     0.1415|     2.8100|N|     0.4225|     0.0001|         4787.00| 12.00|  7.00|           1|           1|          30|           1|          10|     0.0001|0000E   |        
R0301|10001742|510050P1906M03000  |50ETF沽6月3000      |510050|50ETF   |EBS|E|P|      10000|     3.0000|20190226|20190626|20190626|20190627|20190626|1|       10950|     0.1899|     0.1900|     2.8100|N|     0.4710|     0.0001|         5272.00| 12.00|  7.00|           1|           1|          30|           1|          10|     0.0001|0000E   |        
R0301|10001743|510050C1909M02850  |50ETF购9月2850      |510050|50ETF   |EBS|E|C|      10000|     2.8500|20190226|20190925|20190925|20190926|20190925|0|        9845|     0.1133|     0.1137|     2.8100|N|     0.3907|     0.0001|         4109.00| 12.00|  7.00|           1|           1|          30|           1|          10|     0.0001|0000E   |        
R0301|10001744|510050C1909M02900  |50ETF购9月2900      |510050|50ETF   |EBS|E|C|      10000|     2.9000|20190226|20190925|20190925|20190926|20190925|0|       10542|     0.0942|     0.0942|     2.8100|N|     0.3662|     0.0001|         3414.00| 12.00|  7.00|           1|           1|          30|           1|          10|     0.0001|0000E   |        
R0301|10001745|510050C1909M02950  |50ETF购9月2950      |510050|50ETF   |EBS|E|C|      10000|     2.9500|20190226|20190925|20190925|20190926|20190925|0|       12216|     0.0763|     0.0763|     2.8100|N|     0.3433|     0.0001|         2735.00| 12.00|  7.00|           1|           1|          30|           1|          10|     0.0001|0000E   |        
R0301|10001746|510050C1909M03000  |50ETF购9月3000      |510050|50ETF   |EBS|E|C|      10000|     3.0000|20190226|20190925|20190925|20190926|20190925|0|       44948|     0.0620|     0.0620|     2.8100|N|     0.3240|     0.0001|         2587.00| 12.00|  7.00|           1|           1|          30|           1|          10|     0.0001|0000E   |        
R0301|10001747|510050P1909M02850  |50ETF沽9月2850      |510050|50ETF   |EBS|E|P|      10000|     2.8500|20190226|20190925|20190925|20190926|20190925|0|        4292|     0.1402|     0.1387|     2.8100|N|     0.4197|     0.0001|         4759.00| 12.00|  7.00|           1|           1|          30|           1|          10|     0.0001|0000E   |        
R0301|10001748|510050P1909M02900  |50ETF沽9月2900      |510050|50ETF   |EBS|E|P|      10000|     2.9000|20190226|20190925|20190925|20190926|20190925|0|        3758|     0.1678|     0.1678|     2.8100|N|     0.4488|     0.0001|         5050.00| 12.00|  7.00|           1|           1|          30|           1|          10|     0.0001|0000E   |        
R0301|10001749|510050P1909M02950  |50ETF沽9月2950      |510050|50ETF   |EBS|E|P|      10000|     2.9500|20190226|20190925|20190925|20190926|20190925|0|        3926|     0.2016|     0.2013|     2.8100|N|     0.4823|     0.0001|         5385.00| 12.00|  7.00|           1|           1|          30|           1|          10|     0.0001|0000E   |        
R0301|10001750|510050P1909M03000  |50ETF沽9月3000      |510050|50ETF   |EBS|E|P|      10000|     3.0000|20190226|20190925|20190925|20190926|20190925|0|        7553|     0.2358|     0.2358|     2.8100|N|     0.5168|     0.0001|         5730.00| 12.00|  7.00|           1|           1|          30|           1|          10|     0.0001|0000E   |        
R0301|10001799|510050C1906M03100  |50ETF购6月3100      |510050|50ETF   |EBS|E|C|      10000|     3.1000|20190402|20190626|20190626|20190627|20190626|1|       56768|     0.0007|     0.0007|     2.8100|N|     0.2527|     0.0001|         1974.00| 12.00|  7.00|           1|           1|          30|           1|          10|     0.0001|0000E   |        
R0301|10001800|510050P1906M03100  |50ETF沽6月3100      |510050|50ETF   |EBS|E|P|      10000|     3.1000|20190402|20190626|20190626|20190627|20190626|1|        2367|     0.2889|     0.2900|     2.8100|N|     0.5710|     0.0090|         6272.00| 12.00|  7.00|           1|           1|          30|           1|          10|     0.0001|0000E   |        
R0301|10001801|510050C1909M03100  |50ETF购9月3100      |510050|50ETF   |EBS|E|C|      10000|     3.1000|20190402|20190925|20190925|20190926|20190925|0|       20665|     0.0400|     0.0400|     2.8100|N|     0.2920|     0.0001|         2367.00| 12.00|  7.00|           1|           1|          30|           1|          10|     0.0001|0000E   |        
R0301|10001802|510050P1909M03100  |50ETF沽9月3100      |510050|50ETF   |EBS|E|P|      10000|     3.1000|20190402|20190925|20190925|20190926|20190925|0|        1787|     0.3132|     0.3132|     2.8100|N|     0.5942|     0.0322|         6504.00| 12.00|  7.00|           1|           1|          30|           1|          10|     0.0001|0000E   |        
R0301|10001807|510050C1906M03200  |50ETF购6月3200      |510050|50ETF   |EBS|E|C|      10000|     3.2000|20190404|20190626|20190626|20190627|20190626|1|       41461|     0.0004|     0.0004|     2.8100|N|     0.2424|     0.0001|         1971.00| 12.00|  7.00|           1|           1|          30|           1|          10|     0.0001|0000E   |        
R0301|10001808|510050P1906M03200  |50ETF沽6月3200      |510050|50ETF   |EBS|E|P|      10000|     3.2000|20190404|20190626|20190626|20190627|20190626|1|        3242|     0.3890|     0.3900|     2.8100|N|     0.6710|     0.1090|         7272.00| 12.00|  7.00|           1|           1|          30|           1|          10|     0.0001|0000E   |        
R0301|10001809|510050C1909M03200  |50ETF购9月3200      |510050|50ETF   |EBS|E|C|      10000|     3.2000|20190404|20190925|20190925|20190926|20190925|0|       15698|     0.0257|     0.0257|     2.8100|N|     0.2677|     0.0001|         2224.00| 12.00|  7.00|           1|           1|          30|           1|          10|     0.0001|0000E   |        
R0301|10001810|510050P1909M03200  |50ETF沽9月3200      |510050|50ETF   |EBS|E|P|      10000|     3.2000|20190404|20190925|20190925|20190926|20190925|0|        1771|     0.3970|     0.3971|     2.8100|N|     0.6781|     0.1161|         7343.00| 12.00|  7.00|           1|           1|          30|           1|          10|     0.0001|0000E   |        
R0301|10001815|510050C1906M03300  |50ETF购6月3300      |510050|50ETF   |EBS|E|C|      10000|     3.3000|20190408|20190626|20190626|20190627|20190626|1|       38752|     0.0004|     0.0004|     2.8100|N|     0.2324|     0.0001|         1971.00| 12.00|  7.00|           1|           1|          30|           1|          10|     0.0001|0000E   |        
R0301|10001816|510050P1906M03300  |50ETF沽6月3300      |510050|50ETF   |EBS|E|P|      10000|     3.3000|20190408|20190626|20190626|20190627|20190626|1|        2226|     0.4888|     0.4900|     2.8100|N|     0.7710|     0.2090|         8272.00| 12.00|  7.00|           1|           1|          30|           1|          10|     0.0001|0000E   |        
R0301|10001817|510050C1909M03300  |50ETF购9月3300      |510050|50ETF   |EBS|E|C|      10000|     3.3000|20190408|20190925|20190925|20190926|20190925|0|       24425|     0.0158|     0.0158|     2.8100|N|     0.2478|     0.0001|         2125.00| 12.00|  7.00|           1|           1|          30|           1|          10|     0.0001|0000E   |        
R0301|10001818|510050P1909M03300  |50ETF沽9月3300      |510050|50ETF   |EBS|E|P|      10000|     3.3000|20190408|20190925|20190925|20190926|20190925|0|        1635|     0.4872|     0.4900|     2.8100|N|     0.7710|     0.2090|         8272.00| 12.00|  7.00|           1|           1|          30|           1|          10|     0.0001|0000E   |        
R0301|10001823|510050C1906M03400  |50ETF购6月3400      |510050|50ETF   |EBS|E|C|      10000|     3.4000|20190417|20190626|20190626|20190627|20190626|1|       42281|     0.0003|     0.0003|     2.8100|N|     0.2223|     0.0001|         1970.00| 12.00|  7.00|           1|           1|          30|           1|          10|     0.0001|0000E   |        
R0301|10001824|510050P1906M03400  |50ETF沽6月3400      |510050|50ETF   |EBS|E|P|      10000|     3.4000|20190417|20190626|20190626|20190627|20190626|1|        4481|     0.5895|     0.5900|     2.8100|N|     0.8710|     0.3090|         9272.00| 12.00|  7.00|           1|           1|          30|           1|          10|     0.0001|0000E   |        
R0301|10001825|510050C1909M03400  |50ETF购9月3400      |510050|50ETF   |EBS|E|C|      10000|     3.4000|20190417|20190925|20190925|20190926|20190925|0|       45046|     0.0103|     0.0103|     2.8100|N|     0.2323|     0.0001|         2070.00| 12.00|  7.00|           1|           1|          30|           1|          10|     0.0001|0000E   |        
R0301|10001826|510050P1909M03400  |50ETF沽9月3400      |510050|50ETF   |EBS|E|P|      10000|     3.4000|20190417|20190925|20190925|20190926|20190925|0|        6110|     0.5808|     0.5900|     2.8100|N|     0.8710|     0.3090|         9272.00| 12.00|  7.00|           1|           1|          30|           1|          10|     0.0001|0000E   |        
R0301|10001827|510050C1912M02750  |50ETF购12月2750     |510050|50ETF   |EBS|E|C|      10000|     2.7500|20190425|20191225|20191225|20191226|20191225|0|        3239|     0.2163|     0.2164|     2.8100|N|     0.4974|     0.0001|         5536.00| 12.00|  7.00|           1|           1|          30|           1|          10|     0.0001|0000E   |        
R0301|10001828|510050C1912M02800  |50ETF购12月2800     |510050|50ETF   |EBS|E|C|      10000|     2.8000|20190425|20191225|20191225|20191226|20191225|0|        2858|     0.1926|     0.1926|     2.8100|N|     0.4736|     0.0001|         5298.00| 12.00|  7.00|           1|           1|          30|           1|          10|     0.0001|0000E   |        
R0301|10001829|510050C1912M02850  |50ETF购12月2850     |510050|50ETF   |EBS|E|C|      10000|     2.8500|20190425|20191225|20191225|20191226|20191225|0|        3333|     0.1681|     0.1688|     2.8100|N|     0.4458|     0.0001|         4660.00| 12.00|  7.00|           1|           1|          30|           1|          10|     0.0001|0000E   |        
R0301|10001830|510050C1912M02900  |50ETF购12月2900     |510050|50ETF   |EBS|E|C|      10000|     2.9000|20190425|20191225|20191225|20191226|20191225|0|        4010|     0.1484|     0.1484|     2.8100|N|     0.4204|     0.0001|         3956.00| 12.00|  7.00|           1|           1|          30|           1|          10|     0.0001|0000E   |        
R0301|10001831|510050C1912M02950  |50ETF购12月2950     |510050|50ETF   |EBS|E|C|      10000|     2.9500|20190425|20191225|20191225|20191226|20191225|0|        4701|     0.1293|     0.1293|     2.8100|N|     0.3963|     0.0001|         3265.00| 12.00|  7.00|           1|           1|          30|           1|          10|     0.0001|0000E   |        
R0301|10001832|510050C1912M03000  |50ETF购12月3000     |510050|50ETF   |EBS|E|C|      10000|     3.0000|20190425|20191225|20191225|20191226|20191225|0|        7979|     0.1122|     0.1122|     2.8100|N|     0.3742|     0.0001|         3089.00| 12.00|  7.00|           1|           1|          30|           1|          10|     0.0001|0000E   |        
R0301|10001833|510050C1912M03100  |50ETF购12月3100     |510050|50ETF   |EBS|E|C|      10000|     3.1000|20190425|20191225|20191225|20191226|20191225|0|        3343|     0.0841|     0.0841|     2.8100|N|     0.3361|     0.0001|         2808.00| 12.00|  7.00|           1|           1|          30|           1|          10|     0.0001|0000E   |        
R0301|10001834|510050C1912M03200  |50ETF购12月3200     |510050|50ETF   |EBS|E|C|      10000|     3.2000|20190425|20191225|20191225|20191226|20191225|0|        5606|     0.0618|     0.0618|     2.8100|N|     0.3038|     0.0001|         2585.00| 12.00|  7.00|           1|           1|          30|           1|          10|     0.0001|0000E   |        
R0301|10001835|510050C1912M03300  |50ETF购12月3300     |510050|50ETF   |EBS|E|C|      10000|     3.3000|20190425|20191225|20191225|20191226|20191225|0|       15688|     0.0450|     0.0450|     2.8100|N|     0.2770|     0.0001|         2417.00| 12.00|  7.00|           1|           1|          30|           1|          10|     0.0001|0000E   |        
R0301|10001836|510050P1912M02750  |50ETF沽12月2750     |510050|50ETF   |EBS|E|P|      10000|     2.7500|20190425|20191225|20191225|20191226|20191225|0|        4674|     0.1330|     0.1328|     2.8100|N|     0.4018|     0.0001|         4100.00| 12.00|  7.00|           1|           1|          30|           1|          10|     0.0001|0000E   |        
R0301|10001837|510050P1912M02800  |50ETF沽12月2800     |510050|50ETF   |EBS|E|P|      10000|     2.8000|20190425|20191225|20191225|20191226|20191225|0|        4345|     0.1572|     0.1571|     2.8100|N|     0.4361|     0.0001|         4843.00| 12.00|  7.00|           1|           1|          30|           1|          10|     0.0001|0000E   |        
R0301|10001838|510050P1912M02850  |50ETF沽12月2850     |510050|50ETF   |EBS|E|P|      10000|     2.8500|20190425|20191225|20191225|20191226|20191225|0|        2668|     0.1824|     0.1824|     2.8100|N|     0.4634|     0.0001|         5196.00| 12.00|  7.00|           1|           1|          30|           1|          10|     0.0001|0000E   |        
R0301|10001839|510050P1912M02900  |50ETF沽12月2900     |510050|50ETF   |EBS|E|P|      10000|     2.9000|20190425|20191225|20191225|20191226|20191225|0|        1915|     0.2111|     0.2111|     2.8100|N|     0.4921|     0.0001|         5483.00| 12.00|  7.00|           1|           1|          30|           1|          10|     0.0001|0000E   |        
R0301|10001840|510050P1912M02950  |50ETF沽12月2950     |510050|50ETF   |EBS|E|P|      10000|     2.9500|20190425|20191225|20191225|20191226|20191225|0|        4341|     0.2425|     0.2423|     2.8100|N|     0.5233|     0.0001|         5795.00| 12.00|  7.00|           1|           1|          30|           1|          10|     0.0001|0000E   |        
R0301|10001841|510050P1912M03000  |50ETF沽12月3000     |510050|50ETF   |EBS|E|P|      10000|     3.0000|20190425|20191225|20191225|20191226|20191225|0|        2520|     0.2748|     0.2744|     2.8100|N|     0.5554|     0.0001|         6116.00| 12.00|  7.00|           1|           1|          30|           1|          10|     0.0001|0000E   |        
R0301|10001842|510050P1912M03100  |50ETF沽12月3100     |510050|50ETF   |EBS|E|P|      10000|     3.1000|20190425|20191225|20191225|20191226|20191225|0|        1471|     0.3450|     0.3447|     2.8100|N|     0.6257|     0.0637|         6819.00| 12.00|  7.00|           1|           1|          30|           1|          10|     0.0001|0000E   |        
R0301|10001843|510050P1912M03200  |50ETF沽12月3200     |510050|50ETF   |EBS|E|P|      10000|     3.2000|20190425|20191225|20191225|20191226|20191225|0|        1376|     0.4222|     0.4204|     2.8100|N|     0.7014|     0.1394|         7576.00| 12.00|  7.00|           1|           1|          30|           1|          10|     0.0001|0000E   |        
R0301|10001844|510050P1912M03300  |50ETF沽12月3300     |510050|50ETF   |EBS|E|P|      10000|     3.3000|20190425|20191225|20191225|20191226|20191225|0|        2920|     0.5034|     0.5023|     2.8100|N|     0.7833|     0.2213|         8395.00| 12.00|  7.00|           1|           1|          30|           1|          10|     0.0001|0000E   |        
R0301|10001845|510050C1912M02700  |50ETF购12月2700     |510050|50ETF   |EBS|E|C|      10000|     2.7000|20190426|20191225|20191225|20191226|20191225|0|        3885|     0.2443|     0.2450|     2.8100|N|     0.5260|     0.0001|         5822.00| 12.00|  7.00|           1|           1|          30|           1|          10|     0.0001|0000E   |        
R0301|10001846|510050P1912M02700  |50ETF沽12月2700     |510050|50ETF   |EBS|E|P|      10000|     2.7000|20190426|20191225|20191225|20191226|20191225|0|        4029|     0.1112|     0.1112|     2.8100|N|     0.3702|     0.0001|         3384.00| 12.00|  7.00|           1|           1|          30|           1|          10|     0.0001|0000E   |        
R0301|10001847|510050C1912M02600  |50ETF购12月2600     |510050|50ETF   |EBS|E|C|      10000|     2.6000|20190507|20191225|20191225|20191226|20191225|0|         783|     0.3088|     0.3072|     2.8100|N|     0.5882|     0.0262|         6444.00| 12.00|  7.00|           1|           1|          30|           1|          10|     0.0001|0000E   |        
R0301|10001848|510050C1912M02650  |50ETF购12月2650     |510050|50ETF   |EBS|E|C|      10000|     2.6500|20190507|20191225|20191225|20191226|20191225|0|         884|     0.2742|     0.2749|     2.8100|N|     0.5559|     0.0001|         6121.00| 12.00|  7.00|           1|           1|          30|           1|          10|     0.0001|0000E   |        
R0301|10001849|510050P1912M02600  |50ETF沽12月2600     |510050|50ETF   |EBS|E|P|      10000|     2.6000|20190507|20191225|20191225|20191226|20191225|0|        8055|     0.0746|     0.0746|     2.8100|N|     0.3136|     0.0001|         2566.00| 12.00|  7.00|           1|           1|          30|           1|          10|     0.0001|0000E   |        
R0301|10001850|510050P1912M02650  |50ETF沽12月2650     |510050|50ETF   |EBS|E|P|      10000|     2.6500|20190507|20191225|20191225|20191226|20191225|0|        3281|     0.0919|     0.0919|     2.8100|N|     0.3409|     0.0001|         2774.00| 12.00|  7.00|           1|           1|          30|           1|          10|     0.0001|0000E   |        
R0301|10001851|510050C1912M02550  |50ETF购12月2550     |510050|50ETF   |EBS|E|C|      10000|     2.5500|20190509|20191225|20191225|20191226|20191225|0|        1160|     0.3421|     0.3415|     2.8100|N|     0.6225|     0.0605|         6787.00| 12.00|  7.00|           1|           1|          30|           1|          10|     0.0001|0000E   |        
R0301|10001852|510050P1912M02550  |50ETF沽12月2550     |510050|50ETF   |EBS|E|P|      10000|     2.5500|20190509|20191225|20191225|20191226|20191225|0|        5606|     0.0603|     0.0603|     2.8100|N|     0.2893|     0.0001|         2388.00| 12.00|  7.00|           1|           1|          30|           1|          10|     0.0001|0000E   |        
R0301|10001853|510050C1912M02500  |50ETF购12月2500     |510050|50ETF   |EBS|E|C|      10000|     2.5000|20190510|20191225|20191225|20191226|20191225|0|        1917|     0.3784|     0.3784|     2.8100|N|     0.6594|     0.0974|         7156.00| 12.00|  7.00|           1|           1|          30|           1|          10|     0.0001|0000E   |        
R0301|10001854|510050P1912M02500  |50ETF沽12月2500     |510050|50ETF   |EBS|E|P|      10000|     2.5000|20190510|20191225|20191225|20191226|20191225|0|       10830|     0.0478|     0.0478|     2.8100|N|     0.2668|     0.0001|         2228.00| 12.00|  7.00|           1|           1|          30|           1|          10|     0.0001|0000E   |        
R0301|10001855|510050C1907M02500  |50ETF购7月2500      |510050|50ETF   |EBS|E|C|      10000|     2.5000|20190523|20190724|20190724|20190725|20190724|0|        2834|     0.3215|     0.3215|     2.8100|N|     0.6025|     0.0405|         6587.00| 12.00|  7.00|           1|           1|          30|           1|          10|     0.0001|0000E   |        
R0301|10001856|510050C1907M02550  |50ETF购7月2550      |510050|50ETF   |EBS|E|C|      10000|     2.5500|20190523|20190724|20190724|20190725|20190724|0|        4240|     0.2722|     0.2722|     2.8100|N|     0.5532|     0.0001|         6094.00| 12.00|  7.00|           1|           1|          30|           1|          10|     0.0001|0000E   |        
R0301|10001857|510050C1907M02600  |50ETF购7月2600      |510050|50ETF   |EBS|E|C|      10000|     2.6000|20190523|20190724|20190724|20190725|20190724|0|        3980|     0.2265|     0.2265|     2.8100|N|     0.5075|     0.0001|         5637.00| 12.00|  7.00|           1|           1|          30|           1|          10|     0.0001|0000E   |        
R0301|10001858|510050C1907M02650  |50ETF购7月2650      |510050|50ETF   |EBS|E|C|      10000|     2.6500|20190523|20190724|20190724|20190725|20190724|0|        6927|     0.1831|     0.1831|     2.8100|N|     0.4641|     0.0001|         5203.00| 12.00|  7.00|           1|           1|          30|           1|          10|     0.0001|0000E   |        
R0301|10001859|510050C1907M02700  |50ETF购7月2700      |510050|50ETF   |EBS|E|C|      10000|     2.7000|20190523|20190724|20190724|20190725|20190724|0|       13417|     0.1445|     0.1445|     2.8100|N|     0.4255|     0.0001|         4817.00| 12.00|  7.00|           1|           1|          30|           1|          10|     0.0001|0000E   |        
R0301|10001860|510050C1907M02750  |50ETF购7月2750      |510050|50ETF   |EBS|E|C|      10000|     2.7500|20190523|20190724|20190724|20190725|20190724|0|       34978|     0.1101|     0.1101|     2.8100|N|     0.3911|     0.0001|         4473.00| 12.00|  7.00|           1|           1|          30|           1|          10|     0.0001|0000E   |        
R0301|10001861|510050C1907M02800  |50ETF购7月2800      |510050|50ETF   |EBS|E|C|      10000|     2.8000|20190523|20190724|20190724|20190725|20190724|0|       43970|     0.0807|     0.0807|     2.8100|N|     0.3617|     0.0001|         4179.00| 12.00|  7.00|           1|           1|          30|           1|          10|     0.0001|0000E   |        
R0301|10001862|510050C1907M02850  |50ETF购7月2850      |510050|50ETF   |EBS|E|C|      10000|     2.8500|20190523|20190724|20190724|20190725|20190724|0|       42904|     0.0570|     0.0570|     2.8100|N|     0.3340|     0.0001|         3542.00| 12.00|  7.00|           1|           1|          30|           1|          10|     0.0001|0000E   |        
R0301|10001863|510050C1907M02900  |50ETF购7月2900      |510050|50ETF   |EBS|E|C|      10000|     2.9000|20190523|20190724|20190724|20190725|20190724|0|       51660|     0.0400|     0.0400|     2.8100|N|     0.3120|     0.0001|         2872.00| 12.00|  7.00|           1|           1|          30|           1|          10|     0.0001|0000E   |        
R0301|10001864|510050P1907M02500  |50ETF沽7月2500      |510050|50ETF   |EBS|E|P|      10000|     2.5000|20190523|20190724|20190724|20190725|20190724|0|       26019|     0.0033|     0.0033|     2.8100|N|     0.2223|     0.0001|         1783.00| 12.00|  7.00|           1|           1|          30|           1|          10|     0.0001|0000E   |        
R0301|10001865|510050P1907M02550  |50ETF沽7月2550      |510050|50ETF   |EBS|E|P|      10000|     2.5500|20190523|20190724|20190724|20190725|20190724|0|       28599|     0.0053|     0.0053|     2.8100|N|     0.2343|     0.0001|         1838.00| 12.00|  7.00|           1|           1|          30|           1|          10|     0.0001|0000E   |        
R0301|10001866|510050P1907M02600  |50ETF沽7月2600      |510050|50ETF   |EBS|E|P|      10000|     2.6000|20190523|20190724|20190724|20190725|20190724|0|       38442|     0.0083|     0.0083|     2.8100|N|     0.2473|     0.0001|         1903.00| 12.00|  7.00|           1|           1|          30|           1|          10|     0.0001|0000E   |        
R0301|10001867|510050P1907M02650  |50ETF沽7月2650      |510050|50ETF   |EBS|E|P|      10000|     2.6500|20190523|20190724|20190724|20190725|20190724|0|       51732|     0.0149|     0.0149|     2.8100|N|     0.2639|     0.0001|         2004.00| 12.00|  7.00|           1|           1|          30|           1|          10|     0.0001|0000E   |        
R0301|10001868|510050P1907M02700  |50ETF沽7月2700      |510050|50ETF   |EBS|E|P|      10000|     2.7000|20190523|20190724|20190724|20190725|20190724|0|       39527|     0.0257|     0.0257|     2.8100|N|     0.2847|     0.0001|         2529.00| 12.00|  7.00|           1|           1|          30|           1|          10|     0.0001|0000E   |        
R0301|10001869|510050P1907M02750  |50ETF沽7月2750      |510050|50ETF   |EBS|E|P|      10000|     2.7500|20190523|20190724|20190724|20190725|20190724|0|       40676|     0.0413|     0.0413|     2.8100|N|     0.3103|     0.0001|         3185.00| 12.00|  7.00|           1|           1|          30|           1|          10|     0.0001|0000E   |        
R0301|10001870|510050P1907M02800  |50ETF沽7月2800      |510050|50ETF   |EBS|E|P|      10000|     2.8000|20190523|20190724|20190724|20190725|20190724|0|       35465|     0.0620|     0.0620|     2.8100|N|     0.3410|     0.0001|         3892.00| 12.00|  7.00|           1|           1|          30|           1|          10|     0.0001|0000E   |        
R0301|10001871|510050P1907M02850  |50ETF沽7月2850      |510050|50ETF   |EBS|E|P|      10000|     2.8500|20190523|20190724|20190724|20190725|20190724|0|       13788|     0.0880|     0.0880|     2.8100|N|     0.3690|     0.0001|         4252.00| 12.00|  7.00|           1|           1|          30|           1|          10|     0.0001|0000E   |        
R0301|10001872|510050P1907M02900  |50ETF沽7月2900      |510050|50ETF   |EBS|E|P|      10000|     2.9000|20190523|20190724|20190724|20190725|20190724|0|       12073|     0.1197|     0.1197|     2.8100|N|     0.4007|     0.0001|         4569.00| 12.00|  7.00|           1|           1|          30|           1|          10|     0.0001|0000E   |        
R0301|10001873|510050C1907M02950  |50ETF购7月2950      |510050|50ETF   |EBS|E|C|      10000|     2.9500|20190529|20190724|20190724|20190725|20190724|0|       61795|     0.0253|     0.0253|     2.8100|N|     0.2923|     0.0001|         2225.00| 12.00|  7.00|           1|           1|          30|           1|          10|     0.0001|0000E   |        
R0301|10001874|510050P1907M02950  |50ETF沽7月2950      |510050|50ETF   |EBS|E|P|      10000|     2.9500|20190529|20190724|20190724|20190725|20190724|0|        6044|     0.1570|     0.1570|     2.8100|N|     0.4380|     0.0001|         4942.00| 12.00|  7.00|           1|           1|          30|           1|          10|     0.0001|0000E   |        
R0301|10001875|510050C1907M03000  |50ETF购7月3000      |510050|50ETF   |EBS|E|C|      10000|     3.0000|20190612|20190724|20190724|20190725|20190724|0|       48068|     0.0156|     0.0156|     2.8100|N|     0.2776|     0.0001|         2123.00| 12.00|  7.00|           1|           1|          30|           1|          10|     0.0001|0000E   |        
R0301|10001876|510050P1907M03000  |50ETF沽7月3000      |510050|50ETF   |EBS|E|P|      10000|     3.0000|20190612|20190724|20190724|20190725|20190724|0|        4076|     0.1978|     0.1977|     2.8100|N|     0.4787|     0.0001|         5349.00| 12.00|  7.00|           1|           1|          30|           1|          10|     0.0001|0000E   |        
